# Created by Octave 3.8.1, Tue Jan 17 16:17:48 2017 GMT <thomas@tp-linux1>
# name: xADC
# type: matrix
# rows: 1
# columns: 401
 406 406.04 406.08 406.12 406.16 406.2 406.24 406.28 406.32 406.36 406.4 406.44 406.48 406.52 406.56 406.6 406.64 406.68 406.72 406.76 406.8 406.84 406.88 406.92 406.96 407 407.04 407.08 407.12 407.16 407.2 407.24 407.28 407.32 407.36 407.4 407.44 407.48 407.52 407.56 407.6 407.64 407.68 407.72 407.76 407.8 407.84 407.88 407.92 407.96 408 408.04 408.08 408.12 408.16 408.2 408.24 408.28 408.32 408.36 408.4 408.44 408.48 408.52 408.56 408.6 408.64 408.68 408.72 408.76 408.8 408.84 408.88 408.92 408.96 409 409.04 409.08 409.12 409.16 409.2 409.24 409.28 409.32 409.36 409.4 409.44 409.48 409.52 409.56 409.6 409.64 409.68 409.72 409.76 409.8 409.84 409.88 409.92 409.96 410 410.04 410.08 410.12 410.16 410.2 410.24 410.28 410.32 410.36 410.4 410.44 410.48 410.52 410.56 410.6 410.64 410.68 410.72 410.76 410.8 410.84 410.88 410.92 410.96 411 411.04 411.08 411.12 411.16 411.2 411.24 411.28 411.32 411.36 411.4 411.44 411.48 411.52 411.56 411.6 411.64 411.68 411.72 411.76 411.8 411.84 411.88 411.92 411.96 412 412.04 412.08 412.12 412.16 412.2 412.24 412.28 412.32 412.36 412.4 412.44 412.48 412.52 412.56 412.6 412.64 412.68 412.72 412.76 412.8 412.84 412.88 412.92 412.96 413 413.04 413.08 413.12 413.16 413.2 413.24 413.28 413.32 413.36 413.4 413.44 413.48 413.52 413.56 413.6 413.64 413.68 413.72 413.76 413.8 413.84 413.88 413.92 413.96 414 414.04 414.08 414.12 414.16 414.2 414.24 414.28 414.32 414.36 414.4 414.44 414.48 414.52 414.56 414.6 414.64 414.68 414.72 414.76 414.8 414.84 414.88 414.92 414.96 415 415.04 415.08 415.12 415.16 415.2 415.24 415.28 415.32 415.36 415.4 415.44 415.48 415.52 415.56 415.6 415.64 415.68 415.72 415.76 415.8 415.84 415.88 415.92 415.96 416 416.04 416.08 416.12 416.16 416.2 416.24 416.28 416.32 416.36 416.4 416.44 416.48 416.52 416.56 416.6 416.64 416.68 416.72 416.76 416.8 416.84 416.88 416.92 416.96 417 417.04 417.08 417.12 417.16 417.2 417.24 417.28 417.32 417.36 417.4 417.44 417.48 417.52 417.56 417.6 417.64 417.68 417.72 417.76 417.8 417.84 417.88 417.92 417.96 418 418.04 418.08 418.12 418.16 418.2 418.24 418.28 418.32 418.36 418.4 418.44 418.48 418.52 418.56 418.6 418.64 418.68 418.72 418.76 418.8 418.84 418.88 418.92 418.96 419 419.04 419.08 419.12 419.16 419.2 419.24 419.28 419.32 419.36 419.4 419.44 419.48 419.52 419.56 419.6 419.64 419.68 419.72 419.76 419.8 419.84 419.88 419.92 419.96 420 420.04 420.08 420.12 420.16 420.2 420.24 420.28 420.32 420.36 420.4 420.44 420.48 420.52 420.56 420.6 420.64 420.68 420.72 420.76 420.8 420.84 420.88 420.92 420.96 421 421.04 421.08 421.12 421.16 421.2 421.24 421.28 421.32 421.36 421.4 421.44 421.48 421.52 421.56 421.6 421.64 421.68 421.72 421.76 421.8 421.84 421.88 421.92 421.96 422


# name: aADC
# type: matrix
# rows: 1
# columns: 401
 4.645092355644912e-05 4.698247730978609e-05 4.752322616237116e-05 4.807338383530647e-05 4.86331703072268e-05 4.92028120358889e-05 4.978254218898942e-05 5.037260088464601e-05 5.097323544202909e-05 5.158470064261232e-05 5.220725900258211e-05 5.284118105694718e-05 5.348674565591884e-05 5.414424027419007e-05 5.48139613337524e-05 5.549621454092506e-05 5.619131523833581e-05 5.689958877260984e-05 5.762137087856611e-05 5.835700808079491e-05 5.910685811351466e-05 5.987129035965719e-05 6.065068631022563e-05 6.144544004497171e-05 6.225595873556314e-05 6.308266317244494e-05 6.392598831667209e-05 6.478638387810248e-05 6.566431492139369e-05 6.656026250133691e-05 6.747472432919216e-05 6.840821547176169e-05 6.936126908504689e-05 7.03344371845014e-05 7.132829145394888e-05 7.234342409544626e-05 7.338044872247524e-05 7.444000129900424e-05 7.552274112717431e-05 7.662935188651011e-05 7.776054272775225e-05 7.891704942466606e-05 8.009963558737057e-05 8.130909394097992e-05 8.254624767366258e-05 8.381195185847152e-05 8.510709495360806e-05 8.643260038618489e-05 8.7789428224823e-05 8.917857694691454e-05 9.06010853067529e-05 9.205803431119751e-05 9.355054931010411e-05 9.507980220924943e-05 9.664701381407805e-05 9.825345631330809e-05 9.990045591208944e-05 0.0001015893956251756 0.0001033217182414991 0.0001050989294723353 0.000106922601296376 0.0001087943755160625 0.0001107159675407267 0.0001126891704134949 0.0001147158591002899 0.000116797995060863 0.0001189376311236256 0.0001211369166879106 0.0001233981032794269 0.0001257235504871127 0.0001281157323121205 0.0001305772439625445 0.0001331108091308224 0.0001357192877941116 0.0001384056845820785 0.0001411731577608266 0.000144025028886594 0.0001469647931884473 0.000149996130745244 0.0001531229185290205 0.0001563492433948303 0.0001596794161056715 0.0001631179864909829 0.0001666697598484983 0.0001703398147116281 0.0001741335221191664 0.0001780565665403334 0.0001821149686268705 0.0001863151099855055 0.000190663760188623 0.0001951681062694014 0.0001998357849807435 0.0002046749181353782 0.0002096941513890108 0.0002149026968806521 0.0002203103802052402 0.0002259276922657524 0.0002317658466376913 0.0002378368431800313 0.0002441535387486251 0.000250729726013745 0.0002575802215596463 0.0002647209646581996 0.0002721691283694949 0.0002799432449427419 0.0002880633478866731 0.0002965511335696259 0.0003054301458231016 0.0003147259877942645 0.0003244665662673539 0.0003346823749150762 0.0003454068245277597 0.0003566766303101732 0.000368532268977758 0.0003810185218160335 0.0003941851243437826 0.0004080875490744749 0.0004227879555266021 0.0004383563516241487 0.0004548720235733374 0.0004724253078311958 0.0004911197993186829 0.0005110751142436094 0.0005324303514538517 0.0005553484161039125 0.0005800213660531999 0.0006066768747934763 0.0006355856879806165 0.0006670694029444938 0.0007015066618513414 0.0007393332498684734 0.0007810265337714166 0.0008270558703710696 0.000877768290268646 0.0009331706840586857 0.000992594431061725 0.00105434426957249 0.001115668850507913 0.001173532544498673 0.001226185934512043 0.001274459934844427 0.001321537070697206 0.001371447677733539 0.001427677782553577 0.001492676332661248 0.001568045961102677 0.001654940065577066 0.001754401858946515 0.00186758983137891 0.00199591861633587 0.002141155802708462 0.002305505050599335 0.002491695188237922 0.002703088550255413 0.002943819209470836 0.003218971727484451 0.003534812690669846 0.003899090012914967 0.004321418217284201 0.004813770709929064 0.005391100414616046 0.006072103795390393 0.006880121925595625 0.007844121056729818 0.008999590833303791 0.01038900730871153 0.01206116908411288 0.01406805023714534 0.01645636378531882 0.01924837119897298 0.02240424872492478 0.02576316450520734 0.02898263702770583 0.03153728150299952 0.03285767122252557 0.03259869732589248 0.03084539194083946 0.02805475409145112 0.0247957600458482 0.02152429643212759 0.01851075781096884 0.01587239762788051 0.01363130383800773 0.01176059442729379 0.01021333910921193 0.008938364928409161 0.007887719483243818 0.007019541312702615 0.006298962307405696 0.005698420444693536 0.005197479446973993 0.004781761046973724 0.004441262673746212 0.004168906092033192 0.00395977185913823 0.003810862483198358 0.003721056989143472 0.003690998161388539 0.003722686916687016 0.003818448057505067 0.003978705760894184 0.004197823139633753 0.004457631974314523 0.004720299055417145 0.004926587614374554 0.005008905630064738 0.004920716778356025 0.004663286963758503 0.004284271011355592 0.003849583487515277 0.003414858774763607 0.003013840390958512 0.002660844985247129 0.002357917574088922 0.002101036692298642 0.001883982082384605 0.001700316345436097 0.00154422913499228 0.001410796025031969 0.001295972715182603 0.001196488590642733 0.001109715861753419 0.001033546013280013 0.0009662843286554969 0.0009065641053823254 0.0008532786394594423 0.0008055280395473382 0.0007625779625729291 0.0007238277677630921 0.0006887860738829855 0.0006570521598057877 0.0006283020346206228 0.0006022783143282613 0.0005787832790301585 0.000557674640917191 0.0005388635994324655 0.0005223146172487472 0.0005080458464146611 