# Created by Octave 3.8.1, Tue Jan 17 16:13:52 2017 GMT <thomas@tp-linux1>
# name: A
# type: matrix
# rows: 1
# columns: 201
 6.086036125787027e-05 6.164593418031544e-05 6.244685731527893e-05 6.326353415180647e-05 6.409638155063036e-05 6.494583028038543e-05 6.581232557911567e-05 6.669632774243241e-05 6.759831273981369e-05 6.851877286055658e-05 6.945821739105954e-05 7.041717332517195e-05 7.139618610945844e-05 7.239582042538107e-05 7.341666101049344e-05 7.445931352087575e-05 7.552440543722479e-05 7.661258701713183e-05 7.772453229624757e-05 7.886094014125592e-05 8.002253535773217e-05 8.121006985616671e-05 8.242432387971697e-05 8.366610729740319e-05 8.493626096681398e-05 8.623565817061163e-05 8.756520613142853e-05 8.892584761012214e-05 9.03185625926607e-05 9.174437007128955e-05 9.320432992609232e-05 9.469954491345554e-05 9.623116276842024e-05 9.780037842850092e-05 9.940843638699939e-05 0.0001010566331845714 0.0001027463200483936 0.0001044789056889971 0.0001062558592656823 0.0001080787135322184 0.0001099490681754526 0.0001118685933605307 0.0001138390334974654 0.000115862211244976 0.0001179400317689089 0.0001200744872738987 0.000122267661828482 0.0001245217365056855 0.0001268389948628067 0.0001292218287863198 0.000131672744729968 0.0001341943703765621 0.0001367894617567905 0.0001394609108612288 0.0001422117537849848 0.0001450451794481162 0.0001479645389388122 0.0001509733555306931 0.0001540753354305446 0.0001572743793179105 0.0001605745947440962 0.000163980309464521 0.0001674960857856018 0.000171126736015517 0.0001748773391170134 0.0001787532586703512 0.0001827601622656904 0.0001869040424564369 0.0001911912394188311 0.0001956284654786245 0.0002002228316827771 0.0002049818766134041 0.0002099135976631023 0.0002150264850147749 0.0002203295585968311 0.0002258324083152655 0.0002315452378989317 0.0002374789127338629 0.0002436450121068142 0.0002500558863286135 0.0002567247192654009 0.0002636655968707023 0.0002708935823853683 0.0002784247989572966 0.0002862765205289229 0.0002944672719515823 0.0003030169394123045 0.0003119468924042671 0.0003212801186401402 0.0003310413735006673 0.0003412573458343076 0.0003519568421829953 0.0003631709918091515 0.0003749334752484791 0.0003872807795208461 0.0004002524836071589 0.0004138915783575591 0.0004282448256515282 0.0004433631624000363 0.0004593021558903154 0.0004761225180494202 0.0004938906874797967 0.0005126794896405928 0.0005325688873619816 0.0005536468360515765 0.0005760102605611851 0.0005997661738243055 0.000625032961173959 0.0006519418588605485 0.0006806386608983634 0.0007112856952267619 0.0007440641185789997 0.0007791765898039872 0.0008168503941850784 0.0008573411071844569 0.0009009369058436153 0.0009479636608636484 0.0009987909735640023 0.001053839361300337 0.001113588844900382 0.001178589255387466 0.001249472658857909 0.001326968403354812 0.001411921427206612 0.001505314644250741 0.0016082964504078 0.001722214695057305 0.001848658851532686 0.0019895126318246 0.002147019955844636 0.002323868045194533 0.002523292504710132 0.002749210605313565 0.003006390557922773 0.003300666200457973 0.003639207720803154 0.004030858643848873 0.004486544813186575 0.00501974757066603 0.005647002252712318 0.006388323118250538 0.007267362606747262 0.008311024771131079 0.009548323852102992 0.01100879370544275 0.01272166513793526 0.01471666343763347 0.01702240577092099 0.01965020587998589 0.02255052639721001 0.0255459649767471 0.02827653659492677 0.03022859641019353 0.03091012627046614 0.03011133208927205 0.02803798364966275 0.02518352608303821 0.02207145505848216 0.01907985564110127 0.01640825617900249 0.0141235302093267 0.01221783728638724 0.01065061006460645 0.00937235200907769 0.008335951057470163 0.007501056397915147 0.006835104933683205 0.00631295221668972 0.005916065923622466 0.005631705429714041 0.005452238763268604 0.005374599387614834 0.005399769372806449 0.005532022948355446 0.005777408797065589 0.00614054370638174 0.006618322412772885 0.007189187303869348 0.007798766249228154 0.008349314582750577 0.008709802297580848 0.008761012417008716 0.008458016456738372 0.007857452725762402 0.007081635168677909 0.006255678688018295 0.005467543056397952 0.004762198253932018 0.004153490383445816 0.003638050379190792 0.003205117878890129 0.002842017726740348 0.00253671617783025 0.002278771423401603 0.002059512504939613 0.001871896103890417 0.001710259444564763 0.001570065427529548 0.001447676653219482 0.001340168033417833 0.001245176542888388


